[0, 9, 4, 11, 5, 9, 7, 8, 5]
[9, 0, 5, 3, 13, 14, 9, 10, 12]
[4, 5, 0, 7, 9, 10, 6, 7, 8]
[11, 3, 7, 0, 16, 13, 9, 9, 14]
[5, 13, 9, 16, 0, 13, 12, 13, 2]
[9, 14, 10, 13, 13, 0, 4, 4, 14]
[7, 9, 6, 9, 12, 4, 0, 1, 12]
[8, 10, 7, 9, 13, 4, 1, 0, 13]
[5, 12, 8, 14, 2, 14, 12, 13, 0]
